function [val] = quadratic_interp(data, varargin)


    w0 = (1/6)*[-1 0 1; -1 0 1; -1 0 1];
    w1 = (1/6)*[-1 -1 -1; 0 0 0 ; 1 1 1];
    w2 = (1/3)*[0.5 -1 0.5;0.5 -1 0.5;0.5 -1 0.5];
    w3 = (1/4)*[1 0 -1; 0 0 0; -1 0 1];
    w4 = (1/3)*[0.5 0.5 0.5; -1 -1 -1; 0.5 0.5 0.5];
    w5 = (1/9)*[-1 2 -1;2 5 2; -1 2 -1];
    
    
    
    
    
    
    val = 1;

end
